1.753043
-0.466251
1.645131
1.184814
0.357583
-0.709192
-0.197730
0.512687
-0.521745
0.069977
2.012231
2.716098
1.991448
1.873150
3.428107
2.830710
3.058580
3.382020
2.896272
3.245811
4.542900
5.034214
5.896020
6.665156
6.415555
6.323420
7.159484
7.191544
9.030039
9.093188
8.477519
9.084080
11.003985
10.332357
9.967307
12.839713
12.511309
13.004619
10.235525
14.538238
12.908917
14.236097
14.340788
14.796703
14.300758
13.009704
14.445993
16.253591
14.687347
14.780703
13.737998
13.869475
15.797625
13.246426
12.845420
14.854827
12.607437
12.279921
12.738390
13.006621
10.691934
11.275889
9.829914
10.837893
10.037658
8.989209
8.790436
9.965599
7.743559
8.769936
8.807072
8.879992
9.442251
6.794650
6.386160
6.708848
6.702631
5.377524
5.211901
4.279179
6.221116
2.077472
6.192685
5.027706
4.179705
5.078047
1.672622
2.276314
3.015298
2.634804
4.292145
1.327674
0.853691
3.044131
0.879162
-0.033420
-0.442046
2.230265
-2.346656
0.531204
